# Dimension: 2

# Grid information (each of the 2 lines specify divisions on the domain axis, in strictly increasing order. The endpoints will therefore specify the constraints for the function domain):
0.0 0.0526315789474 0.105263157895 0.157894736842 0.210526315789 0.263157894737 0.315789473684 0.368421052632 0.421052631579 0.473684210526 0.526315789474 0.578947368421 0.631578947368 0.684210526316 0.736842105263 0.789473684211 0.842105263158 0.894736842105 0.947368421053 1.0 
0.0 0.0526315789474 0.105263157895 0.157894736842 0.210526315789 0.263157894737 0.315789473684 0.368421052632 0.421052631579 0.473684210526 0.526315789474 0.578947368421 0.631578947368 0.684210526316 0.736842105263 0.789473684211 0.842105263158 0.894736842105 0.947368421053 1.0 

# Function information (specified as a 2-dimensional array of intervals, where an entry is of the form (c-, c+), c- < c+, and represents the constraint for the function value at a particular grid point):
# Array shape: (20, 20)
(17.0, 27.0) (13.0, 23.0) (16.0, 26.0) (18.0, 28.0) (17.0, 27.0) (10.0, 20.0) (11.0, 21.0) (15.0, 25.0) (15.0, 25.0) (11.0, 21.0) (13.0, 23.0) (12.0, 22.0) (15.0, 25.0) (10.0, 20.0) (14.0, 24.0) (14.0, 24.0) (18.0, 28.0) (19.0, 29.0) (17.0, 27.0) (18.0, 28.0)
(17.0, 27.0) (14.0, 24.0) (11.0, 21.0) (17.0, 27.0) (17.0, 27.0) (15.0, 25.0) (17.0, 27.0) (17.0, 27.0) (14.0, 24.0) (16.0, 26.0) (11.0, 21.0) (17.0, 27.0) (10.0, 20.0) (18.0, 28.0) (19.0, 29.0) (16.0, 26.0) (12.0, 22.0) (18.0, 28.0) (11.0, 21.0) (14.0, 24.0)
(17.0, 27.0) (18.0, 28.0) (19.0, 29.0) (18.0, 28.0) (17.0, 27.0) (19.0, 29.0) (18.0, 28.0) (19.0, 29.0) (13.0, 23.0) (11.0, 21.0) (13.0, 23.0) (10.0, 20.0) (10.0, 20.0) (12.0, 22.0) (17.0, 27.0) (14.0, 24.0) (18.0, 28.0) (19.0, 29.0) (14.0, 24.0) (16.0, 26.0)
(12.0, 22.0) (18.0, 28.0) (18.0, 28.0) (12.0, 22.0) (17.0, 27.0) (15.0, 25.0) (17.0, 27.0) (15.0, 25.0) (18.0, 28.0) (16.0, 26.0) (11.0, 21.0) (13.0, 23.0) (17.0, 27.0) (15.0, 25.0) (11.0, 21.0) (11.0, 21.0) (19.0, 29.0) (17.0, 27.0) (12.0, 22.0) (12.0, 22.0)
(11.0, 21.0) (19.0, 29.0) (11.0, 21.0) (13.0, 23.0) (10.0, 20.0) (12.0, 22.0) (15.0, 25.0) (11.0, 21.0) (14.0, 24.0) (10.0, 20.0) (13.0, 23.0) (19.0, 29.0) (10.0, 20.0) (13.0, 23.0) (18.0, 28.0) (13.0, 23.0) (12.0, 22.0) (15.0, 25.0) (14.0, 24.0) (19.0, 29.0)
(14.0, 24.0) (12.0, 22.0) (14.0, 24.0) (19.0, 29.0) (13.0, 23.0) (11.0, 21.0) (11.0, 21.0) (13.0, 23.0) (11.0, 21.0) (18.0, 28.0) (17.0, 27.0) (13.0, 23.0) (11.0, 21.0) (13.0, 23.0) (18.0, 28.0) (19.0, 29.0) (19.0, 29.0) (17.0, 27.0) (12.0, 22.0) (15.0, 25.0)
(14.0, 24.0) (16.0, 26.0) (19.0, 29.0) (10.0, 20.0) (13.0, 23.0) (12.0, 22.0) (19.0, 29.0) (17.0, 27.0) (15.0, 25.0) (16.0, 26.0) (17.0, 27.0) (16.0, 26.0) (12.0, 22.0) (14.0, 24.0) (13.0, 23.0) (19.0, 29.0) (11.0, 21.0) (10.0, 20.0) (11.0, 21.0) (12.0, 22.0)
(11.0, 21.0) (12.0, 22.0) (17.0, 27.0) (10.0, 20.0) (19.0, 29.0) (16.0, 26.0) (10.0, 20.0) (10.0, 20.0) (13.0, 23.0) (13.0, 23.0) (14.0, 24.0) (15.0, 25.0) (13.0, 23.0) (12.0, 22.0) (19.0, 29.0) (14.0, 24.0) (14.0, 24.0) (18.0, 28.0) (10.0, 20.0) (11.0, 21.0)
(16.0, 26.0) (12.0, 22.0) (12.0, 22.0) (11.0, 21.0) (15.0, 25.0) (16.0, 26.0) (10.0, 20.0) (16.0, 26.0) (16.0, 26.0) (12.0, 22.0) (12.0, 22.0) (13.0, 23.0) (15.0, 25.0) (13.0, 23.0) (15.0, 25.0) (11.0, 21.0) (11.0, 21.0) (16.0, 26.0) (11.0, 21.0) (14.0, 24.0)
(19.0, 29.0) (17.0, 27.0) (13.0, 23.0) (10.0, 20.0) (15.0, 25.0) (10.0, 20.0) (12.0, 22.0) (17.0, 27.0) (14.0, 24.0) (14.0, 24.0) (14.0, 24.0) (14.0, 24.0) (19.0, 29.0) (14.0, 24.0) (10.0, 20.0) (17.0, 27.0) (19.0, 29.0) (14.0, 24.0) (11.0, 21.0) (19.0, 29.0)
(18.0, 28.0) (18.0, 28.0) (16.0, 26.0) (16.0, 26.0) (13.0, 23.0) (19.0, 29.0) (18.0, 28.0) (12.0, 22.0) (17.0, 27.0) (16.0, 26.0) (16.0, 26.0) (11.0, 21.0) (12.0, 22.0) (19.0, 29.0) (16.0, 26.0) (16.0, 26.0) (14.0, 24.0) (13.0, 23.0) (13.0, 23.0) (11.0, 21.0)
(19.0, 29.0) (16.0, 26.0) (16.0, 26.0) (10.0, 20.0) (12.0, 22.0) (16.0, 26.0) (19.0, 29.0) (18.0, 28.0) (17.0, 27.0) (11.0, 21.0) (12.0, 22.0) (13.0, 23.0) (18.0, 28.0) (18.0, 28.0) (15.0, 25.0) (12.0, 22.0) (16.0, 26.0) (16.0, 26.0) (18.0, 28.0) (17.0, 27.0)
(14.0, 24.0) (11.0, 21.0) (15.0, 25.0) (10.0, 20.0) (12.0, 22.0) (11.0, 21.0) (11.0, 21.0) (17.0, 27.0) (19.0, 29.0) (17.0, 27.0) (11.0, 21.0) (18.0, 28.0) (18.0, 28.0) (11.0, 21.0) (15.0, 25.0) (12.0, 22.0) (12.0, 22.0) (18.0, 28.0) (19.0, 29.0) (15.0, 25.0)
(14.0, 24.0) (19.0, 29.0) (18.0, 28.0) (19.0, 29.0) (10.0, 20.0) (18.0, 28.0) (14.0, 24.0) (16.0, 26.0) (10.0, 20.0) (14.0, 24.0) (17.0, 27.0) (11.0, 21.0) (12.0, 22.0) (10.0, 20.0) (17.0, 27.0) (16.0, 26.0) (18.0, 28.0) (17.0, 27.0) (18.0, 28.0) (13.0, 23.0)
(13.0, 23.0) (17.0, 27.0) (12.0, 22.0) (11.0, 21.0) (16.0, 26.0) (14.0, 24.0) (18.0, 28.0) (10.0, 20.0) (19.0, 29.0) (15.0, 25.0) (11.0, 21.0) (10.0, 20.0) (16.0, 26.0) (18.0, 28.0) (11.0, 21.0) (18.0, 28.0) (10.0, 20.0) (13.0, 23.0) (17.0, 27.0) (11.0, 21.0)
(16.0, 26.0) (16.0, 26.0) (10.0, 20.0) (19.0, 29.0) (16.0, 26.0) (13.0, 23.0) (14.0, 24.0) (17.0, 27.0) (12.0, 22.0) (10.0, 20.0) (18.0, 28.0) (10.0, 20.0) (11.0, 21.0) (12.0, 22.0) (19.0, 29.0) (17.0, 27.0) (15.0, 25.0) (14.0, 24.0) (19.0, 29.0) (12.0, 22.0)
(16.0, 26.0) (13.0, 23.0) (14.0, 24.0) (10.0, 20.0) (14.0, 24.0) (12.0, 22.0) (12.0, 22.0) (13.0, 23.0) (14.0, 24.0) (10.0, 20.0) (11.0, 21.0) (11.0, 21.0) (10.0, 20.0) (10.0, 20.0) (19.0, 29.0) (19.0, 29.0) (17.0, 27.0) (14.0, 24.0) (13.0, 23.0) (15.0, 25.0)
(16.0, 26.0) (14.0, 24.0) (17.0, 27.0) (16.0, 26.0) (19.0, 29.0) (14.0, 24.0) (11.0, 21.0) (11.0, 21.0) (15.0, 25.0) (13.0, 23.0) (16.0, 26.0) (10.0, 20.0) (15.0, 25.0) (11.0, 21.0) (10.0, 20.0) (18.0, 28.0) (13.0, 23.0) (12.0, 22.0) (18.0, 28.0) (13.0, 23.0)
(16.0, 26.0) (12.0, 22.0) (19.0, 29.0) (10.0, 20.0) (12.0, 22.0) (18.0, 28.0) (11.0, 21.0) (13.0, 23.0) (18.0, 28.0) (19.0, 29.0) (13.0, 23.0) (12.0, 22.0) (16.0, 26.0) (19.0, 29.0) (12.0, 22.0) (10.0, 20.0) (13.0, 23.0) (18.0, 28.0) (16.0, 26.0) (15.0, 25.0)
(11.0, 21.0) (14.0, 24.0) (18.0, 28.0) (14.0, 24.0) (17.0, 27.0) (18.0, 28.0) (17.0, 27.0) (11.0, 21.0) (14.0, 24.0) (14.0, 24.0) (13.0, 23.0) (18.0, 28.0) (16.0, 26.0) (16.0, 26.0) (10.0, 20.0) (19.0, 29.0) (11.0, 21.0) (16.0, 26.0) (13.0, 23.0) (19.0, 29.0)
# End of 2 depth 

# Derivative information (specified as a 2-dimensional array of tuples of intervals, where an entry is of the form ((c1-, c1+), (c2-, c2+), ...), ci- < ci+, and represents the constraints along each partial derivative at a particular grid point):
# Array shape: (20, 20)
((-16.0, 4.0), (-16.0, 4.0)) ((-18.0, 2.0), (-18.0, 2.0)) ((-5.0, 15.0), (-5.0, 15.0)) ((-10.0, 10.0), (-10.0, 10.0)) ((-15.0, 5.0), (-15.0, 5.0)) ((-5.0, 15.0), (-5.0, 15.0)) ((-13.0, 7.0), (-13.0, 7.0)) ((-5.0, 15.0), (-5.0, 15.0)) ((-9.0, 11.0), (-9.0, 11.0)) ((-8.0, 12.0), (-8.0, 12.0)) ((-10.0, 10.0), (-10.0, 10.0)) ((-5.0, 15.0), (-5.0, 15.0)) ((-10.0, 10.0), (-10.0, 10.0)) ((-1.0, 19.0), (-1.0, 19.0)) ((-15.0, 5.0), (-15.0, 5.0)) ((-19.0, 1.0), (-19.0, 1.0)) ((-10.0, 10.0), (-10.0, 10.0)) ((-15.0, 5.0), (-15.0, 5.0)) ((-10.0, 10.0), (-10.0, 10.0)) ((-19.0, 1.0), (-19.0, 1.0))
((-1.0, 19.0), (-1.0, 19.0)) ((-12.0, 8.0), (-12.0, 8.0)) ((-9.0, 11.0), (-9.0, 11.0)) ((-20.0, 0.0), (-20.0, 0.0)) ((-20.0, 0.0), (-20.0, 0.0)) ((-6.0, 14.0), (-6.0, 14.0)) ((-5.0, 15.0), (-5.0, 15.0)) ((-17.0, 3.0), (-17.0, 3.0)) ((-13.0, 7.0), (-13.0, 7.0)) ((-18.0, 2.0), (-18.0, 2.0)) ((-12.0, 8.0), (-12.0, 8.0)) ((-15.0, 5.0), (-15.0, 5.0)) ((-16.0, 4.0), (-16.0, 4.0)) ((-19.0, 1.0), (-19.0, 1.0)) ((-8.0, 12.0), (-8.0, 12.0)) ((-14.0, 6.0), (-14.0, 6.0)) ((-5.0, 15.0), (-5.0, 15.0)) ((-6.0, 14.0), (-6.0, 14.0)) ((-13.0, 7.0), (-13.0, 7.0)) ((-1.0, 19.0), (-1.0, 19.0))
((-4.0, 16.0), (-4.0, 16.0)) ((-20.0, 0.0), (-20.0, 0.0)) ((-18.0, 2.0), (-18.0, 2.0)) ((-16.0, 4.0), (-16.0, 4.0)) ((-19.0, 1.0), (-19.0, 1.0)) ((-5.0, 15.0), (-5.0, 15.0)) ((-9.0, 11.0), (-9.0, 11.0)) ((-5.0, 15.0), (-5.0, 15.0)) ((-19.0, 1.0), (-19.0, 1.0)) ((-19.0, 1.0), (-19.0, 1.0)) ((-18.0, 2.0), (-18.0, 2.0)) ((-20.0, 0.0), (-20.0, 0.0)) ((-8.0, 12.0), (-8.0, 12.0)) ((-14.0, 6.0), (-14.0, 6.0)) ((-4.0, 16.0), (-4.0, 16.0)) ((-3.0, 17.0), (-3.0, 17.0)) ((-14.0, 6.0), (-14.0, 6.0)) ((-9.0, 11.0), (-9.0, 11.0)) ((-18.0, 2.0), (-18.0, 2.0)) ((-10.0, 10.0), (-10.0, 10.0))
((-4.0, 16.0), (-4.0, 16.0)) ((-12.0, 8.0), (-12.0, 8.0)) ((-17.0, 3.0), (-17.0, 3.0)) ((-10.0, 10.0), (-10.0, 10.0)) ((-14.0, 6.0), (-14.0, 6.0)) ((-10.0, 10.0), (-10.0, 10.0)) ((-1.0, 19.0), (-1.0, 19.0)) ((-7.0, 13.0), (-7.0, 13.0)) ((-9.0, 11.0), (-9.0, 11.0)) ((-17.0, 3.0), (-17.0, 3.0)) ((-4.0, 16.0), (-4.0, 16.0)) ((-4.0, 16.0), (-4.0, 16.0)) ((-15.0, 5.0), (-15.0, 5.0)) ((-13.0, 7.0), (-13.0, 7.0)) ((-18.0, 2.0), (-18.0, 2.0)) ((-4.0, 16.0), (-4.0, 16.0)) ((-4.0, 16.0), (-4.0, 16.0)) ((-4.0, 16.0), (-4.0, 16.0)) ((-1.0, 19.0), (-1.0, 19.0)) ((-4.0, 16.0), (-4.0, 16.0))
((-19.0, 1.0), (-19.0, 1.0)) ((-6.0, 14.0), (-6.0, 14.0)) ((-2.0, 18.0), (-2.0, 18.0)) ((-3.0, 17.0), (-3.0, 17.0)) ((-13.0, 7.0), (-13.0, 7.0)) ((-16.0, 4.0), (-16.0, 4.0)) ((-5.0, 15.0), (-5.0, 15.0)) ((-17.0, 3.0), (-17.0, 3.0)) ((-11.0, 9.0), (-11.0, 9.0)) ((-8.0, 12.0), (-8.0, 12.0)) ((-6.0, 14.0), (-6.0, 14.0)) ((-14.0, 6.0), (-14.0, 6.0)) ((-3.0, 17.0), (-3.0, 17.0)) ((-5.0, 15.0), (-5.0, 15.0)) ((-7.0, 13.0), (-7.0, 13.0)) ((-1.0, 19.0), (-1.0, 19.0)) ((-2.0, 18.0), (-2.0, 18.0)) ((-4.0, 16.0), (-4.0, 16.0)) ((-13.0, 7.0), (-13.0, 7.0)) ((-2.0, 18.0), (-2.0, 18.0))
((-4.0, 16.0), (-4.0, 16.0)) ((-13.0, 7.0), (-13.0, 7.0)) ((-13.0, 7.0), (-13.0, 7.0)) ((-20.0, 0.0), (-20.0, 0.0)) ((-18.0, 2.0), (-18.0, 2.0)) ((-4.0, 16.0), (-4.0, 16.0)) ((-20.0, 0.0), (-20.0, 0.0)) ((-6.0, 14.0), (-6.0, 14.0)) ((-9.0, 11.0), (-9.0, 11.0)) ((-1.0, 19.0), (-1.0, 19.0)) ((-19.0, 1.0), (-19.0, 1.0)) ((-20.0, 0.0), (-20.0, 0.0)) ((-11.0, 9.0), (-11.0, 9.0)) ((-12.0, 8.0), (-12.0, 8.0)) ((-13.0, 7.0), (-13.0, 7.0)) ((-8.0, 12.0), (-8.0, 12.0)) ((-19.0, 1.0), (-19.0, 1.0)) ((-15.0, 5.0), (-15.0, 5.0)) ((-8.0, 12.0), (-8.0, 12.0)) ((-5.0, 15.0), (-5.0, 15.0))
((-10.0, 10.0), (-10.0, 10.0)) ((-20.0, 0.0), (-20.0, 0.0)) ((-13.0, 7.0), (-13.0, 7.0)) ((-2.0, 18.0), (-2.0, 18.0)) ((-9.0, 11.0), (-9.0, 11.0)) ((-14.0, 6.0), (-14.0, 6.0)) ((-2.0, 18.0), (-2.0, 18.0)) ((-6.0, 14.0), (-6.0, 14.0)) ((-13.0, 7.0), (-13.0, 7.0)) ((-10.0, 10.0), (-10.0, 10.0)) ((-5.0, 15.0), (-5.0, 15.0)) ((-3.0, 17.0), (-3.0, 17.0)) ((-5.0, 15.0), (-5.0, 15.0)) ((-7.0, 13.0), (-7.0, 13.0)) ((-6.0, 14.0), (-6.0, 14.0)) ((-16.0, 4.0), (-16.0, 4.0)) ((-9.0, 11.0), (-9.0, 11.0)) ((-9.0, 11.0), (-9.0, 11.0)) ((-3.0, 17.0), (-3.0, 17.0)) ((-7.0, 13.0), (-7.0, 13.0))
((-10.0, 10.0), (-10.0, 10.0)) ((-6.0, 14.0), (-6.0, 14.0)) ((-6.0, 14.0), (-6.0, 14.0)) ((-4.0, 16.0), (-4.0, 16.0)) ((-12.0, 8.0), (-12.0, 8.0)) ((-6.0, 14.0), (-6.0, 14.0)) ((-1.0, 19.0), (-1.0, 19.0)) ((-9.0, 11.0), (-9.0, 11.0)) ((-20.0, 0.0), (-20.0, 0.0)) ((-2.0, 18.0), (-2.0, 18.0)) ((-3.0, 17.0), (-3.0, 17.0)) ((-15.0, 5.0), (-15.0, 5.0)) ((-18.0, 2.0), (-18.0, 2.0)) ((-17.0, 3.0), (-17.0, 3.0)) ((-13.0, 7.0), (-13.0, 7.0)) ((-5.0, 15.0), (-5.0, 15.0)) ((-4.0, 16.0), (-4.0, 16.0)) ((-18.0, 2.0), (-18.0, 2.0)) ((-17.0, 3.0), (-17.0, 3.0)) ((-15.0, 5.0), (-15.0, 5.0))
((-5.0, 15.0), (-5.0, 15.0)) ((-7.0, 13.0), (-7.0, 13.0)) ((-13.0, 7.0), (-13.0, 7.0)) ((-4.0, 16.0), (-4.0, 16.0)) ((-15.0, 5.0), (-15.0, 5.0)) ((-16.0, 4.0), (-16.0, 4.0)) ((-13.0, 7.0), (-13.0, 7.0)) ((-1.0, 19.0), (-1.0, 19.0)) ((-6.0, 14.0), (-6.0, 14.0)) ((-4.0, 16.0), (-4.0, 16.0)) ((-8.0, 12.0), (-8.0, 12.0)) ((-5.0, 15.0), (-5.0, 15.0)) ((-9.0, 11.0), (-9.0, 11.0)) ((-7.0, 13.0), (-7.0, 13.0)) ((-20.0, 0.0), (-20.0, 0.0)) ((-1.0, 19.0), (-1.0, 19.0)) ((-11.0, 9.0), (-11.0, 9.0)) ((-16.0, 4.0), (-16.0, 4.0)) ((-4.0, 16.0), (-4.0, 16.0)) ((-6.0, 14.0), (-6.0, 14.0))
((-4.0, 16.0), (-4.0, 16.0)) ((-12.0, 8.0), (-12.0, 8.0)) ((-7.0, 13.0), (-7.0, 13.0)) ((-6.0, 14.0), (-6.0, 14.0)) ((-13.0, 7.0), (-13.0, 7.0)) ((-7.0, 13.0), (-7.0, 13.0)) ((-9.0, 11.0), (-9.0, 11.0)) ((-11.0, 9.0), (-11.0, 9.0)) ((-11.0, 9.0), (-11.0, 9.0)) ((-6.0, 14.0), (-6.0, 14.0)) ((-12.0, 8.0), (-12.0, 8.0)) ((-15.0, 5.0), (-15.0, 5.0)) ((-8.0, 12.0), (-8.0, 12.0)) ((-17.0, 3.0), (-17.0, 3.0)) ((-8.0, 12.0), (-8.0, 12.0)) ((-6.0, 14.0), (-6.0, 14.0)) ((-6.0, 14.0), (-6.0, 14.0)) ((-4.0, 16.0), (-4.0, 16.0)) ((-2.0, 18.0), (-2.0, 18.0)) ((-4.0, 16.0), (-4.0, 16.0))
((-9.0, 11.0), (-9.0, 11.0)) ((-15.0, 5.0), (-15.0, 5.0)) ((-13.0, 7.0), (-13.0, 7.0)) ((-6.0, 14.0), (-6.0, 14.0)) ((-7.0, 13.0), (-7.0, 13.0)) ((-19.0, 1.0), (-19.0, 1.0)) ((-11.0, 9.0), (-11.0, 9.0)) ((-12.0, 8.0), (-12.0, 8.0)) ((-15.0, 5.0), (-15.0, 5.0)) ((-18.0, 2.0), (-18.0, 2.0)) ((-3.0, 17.0), (-3.0, 17.0)) ((-11.0, 9.0), (-11.0, 9.0)) ((-9.0, 11.0), (-9.0, 11.0)) ((-7.0, 13.0), (-7.0, 13.0)) ((-17.0, 3.0), (-17.0, 3.0)) ((-15.0, 5.0), (-15.0, 5.0)) ((-7.0, 13.0), (-7.0, 13.0)) ((-7.0, 13.0), (-7.0, 13.0)) ((-20.0, 0.0), (-20.0, 0.0)) ((-7.0, 13.0), (-7.0, 13.0))
((-12.0, 8.0), (-12.0, 8.0)) ((-15.0, 5.0), (-15.0, 5.0)) ((-18.0, 2.0), (-18.0, 2.0)) ((-8.0, 12.0), (-8.0, 12.0)) ((-7.0, 13.0), (-7.0, 13.0)) ((-11.0, 9.0), (-11.0, 9.0)) ((-17.0, 3.0), (-17.0, 3.0)) ((-6.0, 14.0), (-6.0, 14.0)) ((-14.0, 6.0), (-14.0, 6.0)) ((-10.0, 10.0), (-10.0, 10.0)) ((-16.0, 4.0), (-16.0, 4.0)) ((-18.0, 2.0), (-18.0, 2.0)) ((-18.0, 2.0), (-18.0, 2.0)) ((-17.0, 3.0), (-17.0, 3.0)) ((-8.0, 12.0), (-8.0, 12.0)) ((-14.0, 6.0), (-14.0, 6.0)) ((-16.0, 4.0), (-16.0, 4.0)) ((-1.0, 19.0), (-1.0, 19.0)) ((-18.0, 2.0), (-18.0, 2.0)) ((-3.0, 17.0), (-3.0, 17.0))
((-7.0, 13.0), (-7.0, 13.0)) ((-19.0, 1.0), (-19.0, 1.0)) ((-15.0, 5.0), (-15.0, 5.0)) ((-12.0, 8.0), (-12.0, 8.0)) ((-12.0, 8.0), (-12.0, 8.0)) ((-3.0, 17.0), (-3.0, 17.0)) ((-20.0, 0.0), (-20.0, 0.0)) ((-19.0, 1.0), (-19.0, 1.0)) ((-20.0, 0.0), (-20.0, 0.0)) ((-8.0, 12.0), (-8.0, 12.0)) ((-13.0, 7.0), (-13.0, 7.0)) ((-9.0, 11.0), (-9.0, 11.0)) ((-1.0, 19.0), (-1.0, 19.0)) ((-11.0, 9.0), (-11.0, 9.0)) ((-19.0, 1.0), (-19.0, 1.0)) ((-11.0, 9.0), (-11.0, 9.0)) ((-15.0, 5.0), (-15.0, 5.0)) ((-2.0, 18.0), (-2.0, 18.0)) ((-8.0, 12.0), (-8.0, 12.0)) ((-6.0, 14.0), (-6.0, 14.0))
((-2.0, 18.0), (-2.0, 18.0)) ((-13.0, 7.0), (-13.0, 7.0)) ((-18.0, 2.0), (-18.0, 2.0)) ((-14.0, 6.0), (-14.0, 6.0)) ((-15.0, 5.0), (-15.0, 5.0)) ((-16.0, 4.0), (-16.0, 4.0)) ((-8.0, 12.0), (-8.0, 12.0)) ((-20.0, 0.0), (-20.0, 0.0)) ((-18.0, 2.0), (-18.0, 2.0)) ((-18.0, 2.0), (-18.0, 2.0)) ((-1.0, 19.0), (-1.0, 19.0)) ((-8.0, 12.0), (-8.0, 12.0)) ((-5.0, 15.0), (-5.0, 15.0)) ((-6.0, 14.0), (-6.0, 14.0)) ((-1.0, 19.0), (-1.0, 19.0)) ((-10.0, 10.0), (-10.0, 10.0)) ((-4.0, 16.0), (-4.0, 16.0)) ((-3.0, 17.0), (-3.0, 17.0)) ((-15.0, 5.0), (-15.0, 5.0)) ((-20.0, 0.0), (-20.0, 0.0))
((-11.0, 9.0), (-11.0, 9.0)) ((-6.0, 14.0), (-6.0, 14.0)) ((-20.0, 0.0), (-20.0, 0.0)) ((-18.0, 2.0), (-18.0, 2.0)) ((-18.0, 2.0), (-18.0, 2.0)) ((-9.0, 11.0), (-9.0, 11.0)) ((-1.0, 19.0), (-1.0, 19.0)) ((-4.0, 16.0), (-4.0, 16.0)) ((-19.0, 1.0), (-19.0, 1.0)) ((-14.0, 6.0), (-14.0, 6.0)) ((-7.0, 13.0), (-7.0, 13.0)) ((-18.0, 2.0), (-18.0, 2.0)) ((-8.0, 12.0), (-8.0, 12.0)) ((-1.0, 19.0), (-1.0, 19.0)) ((-16.0, 4.0), (-16.0, 4.0)) ((-8.0, 12.0), (-8.0, 12.0)) ((-3.0, 17.0), (-3.0, 17.0)) ((-13.0, 7.0), (-13.0, 7.0)) ((-2.0, 18.0), (-2.0, 18.0)) ((-10.0, 10.0), (-10.0, 10.0))
((-7.0, 13.0), (-7.0, 13.0)) ((-15.0, 5.0), (-15.0, 5.0)) ((-15.0, 5.0), (-15.0, 5.0)) ((-14.0, 6.0), (-14.0, 6.0)) ((-11.0, 9.0), (-11.0, 9.0)) ((-3.0, 17.0), (-3.0, 17.0)) ((-19.0, 1.0), (-19.0, 1.0)) ((-15.0, 5.0), (-15.0, 5.0)) ((-6.0, 14.0), (-6.0, 14.0)) ((-9.0, 11.0), (-9.0, 11.0)) ((-12.0, 8.0), (-12.0, 8.0)) ((-1.0, 19.0), (-1.0, 19.0)) ((-18.0, 2.0), (-18.0, 2.0)) ((-1.0, 19.0), (-1.0, 19.0)) ((-13.0, 7.0), (-13.0, 7.0)) ((-15.0, 5.0), (-15.0, 5.0)) ((-11.0, 9.0), (-11.0, 9.0)) ((-2.0, 18.0), (-2.0, 18.0)) ((-4.0, 16.0), (-4.0, 16.0)) ((-17.0, 3.0), (-17.0, 3.0))
((-2.0, 18.0), (-2.0, 18.0)) ((-2.0, 18.0), (-2.0, 18.0)) ((-6.0, 14.0), (-6.0, 14.0)) ((-4.0, 16.0), (-4.0, 16.0)) ((-6.0, 14.0), (-6.0, 14.0)) ((-5.0, 15.0), (-5.0, 15.0)) ((-17.0, 3.0), (-17.0, 3.0)) ((-17.0, 3.0), (-17.0, 3.0)) ((-12.0, 8.0), (-12.0, 8.0)) ((-16.0, 4.0), (-16.0, 4.0)) ((-11.0, 9.0), (-11.0, 9.0)) ((-17.0, 3.0), (-17.0, 3.0)) ((-6.0, 14.0), (-6.0, 14.0)) ((-12.0, 8.0), (-12.0, 8.0)) ((-14.0, 6.0), (-14.0, 6.0)) ((-18.0, 2.0), (-18.0, 2.0)) ((-12.0, 8.0), (-12.0, 8.0)) ((-20.0, 0.0), (-20.0, 0.0)) ((-9.0, 11.0), (-9.0, 11.0)) ((-1.0, 19.0), (-1.0, 19.0))
((-8.0, 12.0), (-8.0, 12.0)) ((-3.0, 17.0), (-3.0, 17.0)) ((-2.0, 18.0), (-2.0, 18.0)) ((-3.0, 17.0), (-3.0, 17.0)) ((-15.0, 5.0), (-15.0, 5.0)) ((-3.0, 17.0), (-3.0, 17.0)) ((-19.0, 1.0), (-19.0, 1.0)) ((-14.0, 6.0), (-14.0, 6.0)) ((-12.0, 8.0), (-12.0, 8.0)) ((-5.0, 15.0), (-5.0, 15.0)) ((-8.0, 12.0), (-8.0, 12.0)) ((-12.0, 8.0), (-12.0, 8.0)) ((-1.0, 19.0), (-1.0, 19.0)) ((-4.0, 16.0), (-4.0, 16.0)) ((-2.0, 18.0), (-2.0, 18.0)) ((-1.0, 19.0), (-1.0, 19.0)) ((-17.0, 3.0), (-17.0, 3.0)) ((-1.0, 19.0), (-1.0, 19.0)) ((-17.0, 3.0), (-17.0, 3.0)) ((-7.0, 13.0), (-7.0, 13.0))
((-19.0, 1.0), (-19.0, 1.0)) ((-1.0, 19.0), (-1.0, 19.0)) ((-13.0, 7.0), (-13.0, 7.0)) ((-15.0, 5.0), (-15.0, 5.0)) ((-7.0, 13.0), (-7.0, 13.0)) ((-3.0, 17.0), (-3.0, 17.0)) ((-11.0, 9.0), (-11.0, 9.0)) ((-11.0, 9.0), (-11.0, 9.0)) ((-2.0, 18.0), (-2.0, 18.0)) ((-14.0, 6.0), (-14.0, 6.0)) ((-3.0, 17.0), (-3.0, 17.0)) ((-20.0, 0.0), (-20.0, 0.0)) ((-16.0, 4.0), (-16.0, 4.0)) ((-16.0, 4.0), (-16.0, 4.0)) ((-1.0, 19.0), (-1.0, 19.0)) ((-5.0, 15.0), (-5.0, 15.0)) ((-15.0, 5.0), (-15.0, 5.0)) ((-14.0, 6.0), (-14.0, 6.0)) ((-8.0, 12.0), (-8.0, 12.0)) ((-8.0, 12.0), (-8.0, 12.0))
((-17.0, 3.0), (-17.0, 3.0)) ((-9.0, 11.0), (-9.0, 11.0)) ((-14.0, 6.0), (-14.0, 6.0)) ((-16.0, 4.0), (-16.0, 4.0)) ((-10.0, 10.0), (-10.0, 10.0)) ((-18.0, 2.0), (-18.0, 2.0)) ((-8.0, 12.0), (-8.0, 12.0)) ((-2.0, 18.0), (-2.0, 18.0)) ((-10.0, 10.0), (-10.0, 10.0)) ((-2.0, 18.0), (-2.0, 18.0)) ((-14.0, 6.0), (-14.0, 6.0)) ((-15.0, 5.0), (-15.0, 5.0)) ((-18.0, 2.0), (-18.0, 2.0)) ((-15.0, 5.0), (-15.0, 5.0)) ((-4.0, 16.0), (-4.0, 16.0)) ((-7.0, 13.0), (-7.0, 13.0)) ((-2.0, 18.0), (-2.0, 18.0)) ((-11.0, 9.0), (-11.0, 9.0)) ((-6.0, 14.0), (-6.0, 14.0)) ((-2.0, 18.0), (-2.0, 18.0))
# End of 2 depth 
