# Dimension: 2

# Grid information (each of the 2 lines specify divisions on the domain axis, in strictly increasing order. The endpoints will therefore specify the constraints for the function domain):
0.0 0.111111111111 0.222222222222 0.333333333333 0.444444444444 0.555555555556 0.666666666667 0.777777777778 0.888888888889 1.0 
0.0 0.111111111111 0.222222222222 0.333333333333 0.444444444444 0.555555555556 0.666666666667 0.777777777778 0.888888888889 1.0 

# Function information (specified as a 2-dimensional array of intervals, where an entry is of the form (c-, c+), c- < c+, and represents the constraint for the function value at a particular grid point):
# Array shape: (10, 10)
(-10.0, 10.0) (-9.975156226185108, 10.024843773814892) (-9.797591830514259, 10.202408169485741) (-9.29629629629848, 10.70370370370152) (-8.263679317182781, 11.736320682817219) (-6.437280902292166, 13.562719097707834) (-3.481481481470518, 16.518518518529483) (1.0307879896466439, 21.030787989646644) (7.636335924409629, 27.63633592440963) (17.0, 37.0)
(-10.027282408391077, 9.972717591608923) (-10.002339279134889, 9.997660720865111) (-9.825292808988866, 10.174707191011134) (-9.32716716828519, 10.67283283171481) (-8.305687879206477, 11.694312120793523) (-6.510228081910018, 13.489771918089982) (-3.6282954416556166, 16.371704558344383) (0.7262711875604602, 20.72627118756046) (7.023226226405363, 27.023226226405363) (15.823793844317379, 35.82379384431738)
(-10.214592181777341, 9.785407818222659) (-10.18758034664953, 9.81241965335047) (-10.010565526693542, 9.989434473306458) (-9.520347944444916, 10.479652055555084) (-8.52578041489209, 11.47421958510791) (-6.796903790403038, 13.203096209596962) (-4.058054393712159, 15.941945606287842) (0.014380447318991685, 20.01438044731899) (5.788882598774606, 25.788882598774606) (13.669722839573687, 33.66972283957369)
(-10.703348066857693, 9.296651933142307) (-10.666884474723252, 9.333115525276748) (-10.483848658898376, 9.516151341101624) (-10.002434819599936, 9.997565180400064) (-9.050411455937695, 10.949588544062305) (-7.429002471174443, 12.570997528825558) (-4.913920342491713, 15.086079657508286) (-1.265067265601866, 18.734932734398136) (3.7535789583715964, 23.753578958371598) (10.342376670234884, 30.342376670234884)
(-11.595019658338922, 8.404980341661078) (-11.532999702694815, 8.467000297305185) (-11.328121992165306, 8.671878007834694) (-10.847457063792259, 9.152542936207741) (-9.947387021014745, 10.052612978985255) (-8.472285320419985, 11.527714679580015) (-6.264045594724795, 13.735954405275205) (-3.1851192866652163, 16.814880713334784) (0.8422717140475324, 20.842271714047534) (5.778074821974611, 25.778074821974613)
(-12.917766437495649, 7.082233562504351) (-12.802779333193616, 7.197220666806383) (-12.54687560489206, 7.45312439510794) (-12.045312539377168, 7.954687460622833) (-11.19449109905367, 8.80550890094633) (-9.894663178728376, 10.105336821271624) (-8.067200359462838, 11.932799640537162) (-5.690432195497343, 14.309567804502656) (-2.858092669358813, 17.14190733064119) (0.13555595143199817, 20.135555951431996)
(-14.558654676629605, 5.441345323370395) (-14.350315953427463, 5.649684046572537) (-13.997025950313208, 6.0029740496867925) (-13.43328470942688, 6.56671529057312) (-12.608166333749619, 7.391833666250382) (-11.489731186097732, 8.510268813902268) (-10.086615098977155, 9.913384901022845) (-8.492095821521012, 11.507904178478988) (-6.956046570749515, 13.043953429250486) (-5.990296194703721, 14.00970380529628)
(-16.119380712466604, 3.8806192875333947) (-15.76352419703407, 4.23647580296593) (-15.243232454678603, 4.756767545321397) (-14.544892235003212, 5.455107764996788) (-13.683277914138738, 6.3167220858612625) (-12.702404778714847, 7.297595221285153) (-11.692797305695091, 8.307202694304909) (-10.8311409085886, 9.1688590914114) (-10.44860817243553, 9.55139182756447) (-11.134473151219805, 8.865526848780195)
(-16.627202703261712, 3.3727972967382875) (-16.055484083510407, 3.9445159164895918) (-15.2632867992669, 4.7367132007331) (-14.3028469950174, 5.6971530049825985) (-13.266543064540693, 6.733456935459307) (-12.273611118621151, 7.726388881378848) (-11.464860489882653, 8.535139510117347) (-11.010309212669455, 8.989690787330545) (-11.135480793690032, 8.864519206309968) (-12.172924966286306, 7.827075033713694)
(-14.0, 6.0) (-13.12893502387896, 6.8710649761210405) (-11.90090901465219, 8.09909098534781) (-10.448864502366963, 9.551135497633037) (-8.951205319453976, 11.048794680546024) (-7.5847379641247015, 12.415262035875298) (-6.462124676113463, 13.537875323886537) (-5.554082388759079, 14.44591761124092) (-4.5984350352713435, 15.401564964728657) (-3.0, 17.0)
# End of 2 depth 

# Derivative information (specified as a 2-dimensional array of tuples of intervals, where an entry is of the form ((c1-, c1+), (c2-, c2+), ...), ci- < ci+, and represents the constraints along each partial derivative at a particular grid point):
# Array shape: (10, 10)
((-3000.0, 3000.0), (-3000.0, 3000.0)) ((-3000.0000131717347, 2999.9999868282653), (-2999.3264746227724, 3000.6735253772276)) ((-3000.0008429910376, 2999.9991570089624), (-2997.2235939643406, 3002.7764060356594)) ((-3000.0096021947875, 2999.9903978052125), (-2993.4444444444584, 3006.5555555555416)) ((-3000.0539514264046, 2999.9460485735954), (-2987.577503429384, 3012.422496570616)) ((-3000.205808358784, 2999.794191641216), (-2979.046639231784, 3020.953360768216)) ((-3000.6145404663944, 2999.3854595336056), (-2967.1111111110695, 3032.8888888889305)) ((-3001.54964144656, 2998.45035855344), (-2950.8655692729394, 3049.1344307270606)) ((-3003.4528912899104, 2996.5471087100896), (-2929.2400548696596, 3070.7599451303404)) ((-3007.0, 2993.0), (-2901.0, 3099.0))
((-3000.733880566651, 2999.266119433349), (-2999.9987810918283, 3000.0012189081717)) ((-3000.7295282567757, 2999.2704717432243), (-2999.3267366945597, 3000.6732633054403)) ((-3000.736874175659, 2999.263125824341), (-2997.2354305111094, 3002.7645694888906)) ((-3000.7882486391204, 2999.2117513608796), (-2993.497157923468, 3006.502842076532)) ((-3000.9546626828296, 2999.0453373171704), (-2987.7423051712135, 3012.2576948287865)) ((-3001.379788942754, 2998.620211057246), (-2979.472454099903, 3020.527545900097)) ((-3002.3320059553075, 2997.6679940446925), (-2968.075008949922, 3031.924991050078)) ((-3004.2775498342244, 2995.7224501657756), (-2952.839345188157, 3047.160654811843)) ((-3007.9778173057152, 2992.0221826942848), (-2932.9744803874764, 3067.0255196125236)) ((-3014.613864108247, 2985.386135891753), (-2907.6282671565073, 3092.3717328434927))
((-3002.8528489312753, 2997.1471510687247), (-2999.980544302085, 3000.019455697915)) ((-3002.811782052435, 2997.188217947565), (-2999.311654935319, 3000.688345064681)) ((-3002.7965542055263, 2997.2034457944737), (-2997.259417197161, 3002.740582802839)) ((-3002.8816201541163, 2997.1183798458837), (-2993.6315897151776, 3006.3684102848224)) ((-3003.1992327448406, 2996.8007672551594), (-2988.1223044046533, 3011.8776955953467)) ((-3003.980283897116, 2996.019716102884), (-2980.344771997846, 3019.655228002154)) ((-3005.6206430825996, 2994.3793569174004), (-2969.8700723736524, 3030.1299276263476)) ((-3008.7790702127068, 2991.2209297872932), (-2956.272030137797, 3043.727969862203)) ((-3014.5127814314496, 2985.4872185685504), (-2939.1781759061128, 3060.8218240938872)) ((-3024.4567478902536, 2975.5432521097464), (-2918.3267937411283, 3081.6732062588717))
((-3006.101508916313, 2993.898491083687), (-2999.9021490626433, 3000.0978509373567)) ((-3005.9592509352055, 2994.0407490647945), (-2999.2292165096615, 3000.7707834903385)) ((-3005.8513401460486, 2994.1486598539514), (-2997.2502259386715, 3002.7497740613285)) ((-3005.911213516113, 2994.088786483887), (-2993.8269280022632, 3006.1730719977368)) ((-3006.3499841591847, 2993.6500158408153), (-2988.738364815063, 3011.261635184937)) ((-3007.5002977437816, 2992.4997022562184), (-2981.7384195056047, 3018.2615804943953)) ((-3009.8916108383687, 2990.1083891616313), (-2972.627005109129, 3027.372994890871)) ((-3014.3658943084743, 2985.6341056915257), (-2961.334900509435, 3038.665099490565)) ((-3022.2427828681534, 2977.7572171318466), (-2948.022241140143, 3051.977758859857)) ((-3035.5432098765095, 2964.4567901234905), (-2933.1906721535843, 3066.8093278464157))
((-3010.000108300916, 2989.999891699084), (-2999.694703436298, 3000.305296563702)) ((-3009.6652495137764, 2990.3347504862236), (-2998.993618257798, 3001.006381742202)) ((-3009.3599678374358, 2990.6400321625642), (-2997.1206728621178, 3002.8793271378822)) ((-3009.2933492044012, 2990.7066507955988), (-2994.012186471971, 3005.987813528029)) ((-3009.771923930858, 2990.228076069142), (-2989.5517406146605, 3010.4482593853395)) ((-3011.24100979835, 2988.75899020165), (-2983.6558707114673, 3016.3441292885327)) ((-3014.3604766436447, 2985.6395233563553), (-2976.383666764754, 3023.616333235246)) ((-3020.1263825684377, 2979.8736174315623), (-2968.070340895069, 3031.929659104931)) ((-3030.05003294805, 2969.94996705195), (-2959.484819482412, 3040.515180517588)) ((-3046.4061144865896, 2953.5938855134104), (-2952.011417663995, 3047.988582336005))
((-3013.6601345315134, 2986.3398654684866), (-2999.270589042076, 3000.729410957924)) ((-3013.0219868288123, 2986.9780131711877), (-2998.49125931611, 3001.50874068389)) ((-3012.3833407731017, 2987.6166592268983), (-2996.746625600161, 3003.253374399839)) ((-3012.0451014381565, 2987.9548985618435), (-2994.0695198064523, 3005.9304801935477)) ((-3012.423013323368, 2987.576986676632), (-2990.46356768336, 3009.53643231664)) ((-3014.0765828227563, 2985.9234171772437), (-2986.0162979216548, 3013.9837020783452)) ((-3017.7688172386897, 2982.2311827613103), (-2981.0481858925095, 3018.9518141074905)) ((-3024.5692299177176, 2975.4307700822824), (-2976.2979074049003, 3023.7020925950997)) ((-3036.0129466289895, 2963.9870533710105), (-2973.144077871476, 3026.855922128524)) ((-3054.329133849727, 2945.670866150273), (-2973.86375227056, 3026.13624772944))
((-3015.3196159122076, 2984.6803840877924), (-2998.536808413349, 3001.463191586651)) ((-3014.256688846117, 2985.743311153883), (-2997.5839006857077, 3002.4160993142923)) ((-3013.1083481964374, 2986.8916518035626), (-2995.959874332745, 3004.040125667255)) ((-3012.2824569843497, 2987.7175430156503), (-2993.8158438827486, 3006.1841561172514)) ((-3012.312038660188, 2987.687961339812), (-2991.280991094095, 3008.719008905905)) ((-3013.852777780594, 2986.147222219406), (-2988.593635955733, 3011.406364044267)) ((-3017.6934853644316, 2982.3065146355684), (-2986.2795163422657, 3013.7204836577343)) ((-3024.7895192901688, 2975.2104807098312), (-2985.378263089162, 3014.621736910838)) ((-3036.330301323829, 2963.669698676171), (-2987.7190572545237, 3012.2809427454763)) ((-3053.8532235939415, 2946.1467764060585), (-2996.2464563329395, 3003.7535436670605))
((-3011.391595471331, 2988.608404528669), (-2997.41676226628, 3002.58323773372)) ((-3009.778005563843, 2990.221994436157), (-2996.102356837044, 3003.897643162956)) ((-3007.8690841097296, 2992.1309158902704), (-2994.513573366027, 3005.486426633973)) ((-3006.192930052326, 2993.807069947674), (-2992.9384572353833, 3007.0615427646167)) ((-3005.3975683137915, 2994.6024316862085), (-2991.616045572829, 3008.383954427171)) ((-3006.1816200010326, 2993.8183799989674), (-2990.8582117507817, 3009.1417882492183)) ((-3009.1920499113007, 2990.8079500886993), (-2991.223774639317, 3008.776225360683)) ((-3014.8894352231446, 2985.1105647768554), (-2993.747775576956, 3006.252224423044)) ((-3023.384102222267, 2976.615897777733), (-3000.2288260235487, 2999.7711739764513)) ((-3034.2493808761183, 2965.7506191238817), (-3013.577428859239, 2986.422571140761))
((-2994.7602353266084, 3005.2397646733916), (-2995.8825641562785, 3004.1174358437215)) ((-2992.465911680636, 3007.534088319364), (-2993.8215866875576, 3006.1784133124424)) ((-2989.3949295153398, 3010.6050704846602), (-2991.9998645394417, 3008.0001354605583)) ((-2986.205851217161, 3013.794148782839), (-2990.8528670808582, 3009.1471329191418)) ((-2983.642471695112, 3016.357528304888), (-2990.673414438256, 3009.326585561744)) ((-2982.335352683637, 3017.664647316363), (-2991.6640022404463, 3008.3359977595537)) ((-2982.4739078359394, 3017.5260921640606), (-2994.029709607322, 3005.970290392678)) ((-2983.3269004338094, 3016.6730995661906), (-2998.1190827798355, 3001.8809172201645)) ((-2982.5956838879742, 3017.4043161120258), (-3004.6203867883146, 2995.3796132116854)) ((-2975.5909835500875, 3024.4090164499125), (-3014.820617556433, 2985.179382443567))
((-2952.0, 3048.0), (-2994.0, 3006.0)) ((-2948.8793004001436, 3051.1206995998564), (-2990.4055535379835, 3009.5944464620165)) ((-2943.955950837707, 3056.044049162293), (-2987.6942982486444, 3012.3057017513556)) ((-2938.024538942253, 3061.975461057747), (-2986.443529949704, 3013.556470050296)) ((-2931.8794666846065, 3068.1205333153935), (-2986.873201561619, 3013.126798438381)) ((-2925.883904304789, 3074.116095695211), (-2988.711094719628, 3011.288905280372)) ((-2919.2275567748584, 3080.7724432251416), (-2991.05166895291, 3008.94833104709)) ((-2908.8063889233, 3091.1936110767), (-2992.225448251912, 3007.774551748088)) ((-2887.6705685433903, 3112.3294314566097), (-2989.6958048442243, 3010.3041951557757)) ((-2843.0, 3157.0), (-2980.0, 3020.0))
# End of 2 depth 
