domain_size: 2
initial_point: 0.0 0.0
offsets: 1.0 1.0

grid:
0.0 0.33 0.66 1.0
0.0 0.5 1.0

function_information:
[2.0, 3.0] [2.0, 3.0] [2.0, 3.0] [2.0, 3.0]
[2.0, 3.0] [2.0, 3.0] [2.0, 3.0] [2.0, 3.0]
[2.0, 3.0] [2.0, 3.0] [2.0, 3.0] [2.0, 3.0]

derivative_information:
([1.0, 7.0], [2.0, 6.0]) ([1.0, 7.0], [2.0, 6.0]) ([1.0, 7.0], [2.0, 6.0]) ([1.0, 7.0], [2.0, 6.0])
([1.0, 7.0], [2.0, 6.0]) ([1.0, 7.0], [2.0, 6.0]) ([1.0, 7.0], [2.0, 6.0]) ([1.0, 7.0], [2.0, 6.0])
([1.0, 7.0], [2.0, 6.0]) ([1.0, 7.0], [2.0, 6.0]) ([1.0, 7.0], [2.0, 6.0]) ([1.0, 7.0], [2.0, 6.0])