domain_size: 3
initial_point: 0.0 0.0 0.0
offsets: 1.0 1.0 1.0

grid:
0.0 0.5 1.0
0.0 0.33 0.66 1.0
0.0 0.25 0.5 0.75 1.0

function_information:
[
 [[1, 2, 3, 4],
  [5, 6, 7, 8],
  [9, 0, 1, 2]],

  [[3, 4, 5, 6],
  [7, 8, 9, 0],
  [1, 2, 3, 4]]
]

derivative_information:
([1.0, 7.0], [2.0, 6.0]) ([1.0, 7.0], [2.0, 6.0]) ([1.0, 7.0], [2.0, 6.0]) ([1.0, 7.0], [2.0, 6.0])
([1.0, 7.0], [2.0, 6.0]) ([1.0, 7.0], [2.0, 6.0]) ([1.0, 7.0], [2.0, 6.0]) ([1.0, 7.0], [2.0, 6.0])
([1.0, 7.0], [2.0, 6.0]) ([1.0, 7.0], [2.0, 6.0]) ([1.0, 7.0], [2.0, 6.0]) ([1.0, 7.0], [2.0, 6.0])
([1.0, 7.0], [2.0, 6.0]) ([1.0, 7.0], [2.0, 6.0]) ([1.0, 7.0], [2.0, 6.0]) ([1.0, 7.0], [2.0, 6.0])